# Directed graph (each unordered pair of nodes is saved once): p2p-Gnutella08.txt 
# Directed Gnutella P2P network from August 8 2002
# Nodes: 6301 Edges: 5194
# FromNodeId	ToNodeId
4360	3566
4360	4828
4360	5232
4360	5233
4360	5234
4362	437
4362	906
4362	2779
4362	3687
4362	3886
4362	4286
4362	5242
4362	5243
4362	5244
4362	5245
4369	3694
4369	5186
4369	5252
4369	5253
4369	5254
4369	5255
4369	5256
4369	5257
4369	5258
4369	5259
4378	255
4378	363
4378	741
4378	869
4378	1456
4378	1762
4378	2485
4378	3109
4378	4854
4378	5251
4381	89
4381	691
4381	3189
4381	3314
4381	3849
4381	4344
4381	4788
4381	4934
4381	5246
4382	4
4382	124
4382	146
4382	247
4382	249
4382	367
4382	427
4382	559
4382	718
4382	754
4388	213
4388	265
4388	369
4388	427
4388	554
4388	695
4388	754
4388	2914
4388	3028
4388	5247
4389	208
4389	1173
4389	1362
4389	4164
4389	5248
4389	5249
4390	339
4390	527
4390	1339
4390	2066
4390	2839
4390	2973
4390	3524
4390	3661
4390	4723
4390	5250
4391	1894
4399	5
4399	125
4399	127
4399	179
4399	248
4399	250
4399	559
4399	667
4399	717
4399	2018
4400	762
4400	1647
4400	2170
4400	2579
4400	2599
4400	4097
4400	4867
4400	5260
4400	5261
4400	5262
4402	190
4402	3895
4402	5220
4402	5345
4403	202
4403	280
4403	1021
4403	2251
4403	2296
4403	4117
4403	4382
4403	5263
4403	5264
4405	3
4405	124
4405	177
4405	249
4405	251
4405	252
4405	264
4405	368
4405	559
4405	2018
4407	169
4407	1342
4407	2001
4407	2046
4407	3362
4407	5265
4407	5266
4407	5267
4407	5268
4416	122
4416	527
4416	571
4416	894
4416	1027
4416	2563
4416	2615
4416	4373
4416	4719
4416	5269
4417	95
4417	1197
4417	1619
4417	2079
4417	2114
4417	3253
4417	3598
4417	4303
4417	4950
4417	5175
4419	8
4419	31
4419	126
4419	144
4419	148
4419	175
4419	179
4419	247
4419	558
4419	697
4420	224
4420	281
4420	386
4420	1401
4420	3358
4420	3448
4420	3590
4420	5270
4420	5271
4421	124
4421	381
4421	477
4421	1655
4421	2055
4421	2169
4421	2254
4421	4129
4421	5266
4421	5272
4423	8
4423	77
4423	282
4423	1143
4423	1571
4423	1765
4423	2961
4423	3138
4423	4801
4423	5282
4424	110
4424	498
4424	1804
4424	2708
4424	4885
4424	5279
4424	5280
4424	5281
4424	5282
4424	5283
4428	179
4428	247
4428	251
4428	266
4428	368
4428	422
4428	423
4428	424
4428	667
4428	717
4431	296
4431	1434
4431	2427
4431	2643
4431	5276
4432	92
4432	892
4432	1217
4432	1404
4432	1989
4432	4004
4432	4031
4432	4058
4432	5277
4432	5278
4433	8
4433	1345
4433	1890
4433	3362
4433	3677
4434	352
4434	777
4434	926
4434	2086
4434	3932
4434	3983
4434	4757
4434	4980
4434	5273
4434	5274
4438	631
4438	769
4438	812
4438	1317
4438	1374
4438	2906
4438	3617
4438	3635
4438	4873
4438	5275
4441	76
4441	1087
4441	1726
4441	2583
4441	2762
4441	3487
4441	3511
4441	3823
4441	5287
4442	522
4442	837
4442	1034
4442	2670
4442	3110
4442	3141
4442	3448
4442	3737
4442	5291
4443	173
4443	489
4443	1896
4443	1974
4443	2646
4443	3114
4443	3806
4443	4036
4443	4275
4443	5284
4444	769
4444	770
4444	1528
4444	1744
4444	3852
4444	4062
4444	4551
4444	5182
4444	5285
4444	5286
4445	4
4445	127
4445	143
4445	247
4445	249
4445	250
4445	369
4445	559
4445	667
4445	2001
4446	4733
4447	416
4447	1287
4447	2621
4447	2886
4447	4260
4447	4462
4447	4921
4447	5288
4447	5289
4447	5290
4449	162
4449	199
4449	290
4449	757
4449	2151
4449	5292
4449	5293
4449	5294
4449	5295
4449	5296
4452	228
4452	554
4452	789
4452	1957
4452	2153
4452	2612
4452	3083
4452	3539
4452	3919
4452	5297
4456	9
4456	126
4456	143
4456	144
4456	145
4456	148
4456	179
4456	423
4456	697
4458	47
4458	491
4458	541
4458	2869
4458	3779
4458	5118
4458	5298
4458	5299
4458	5300
4458	5301
4459	2139
4459	2425
4459	2431
4459	2570
4459	4507
4459	5017
4459	5116
4459	5150
4459	5302
4459	5303
4463	81
4463	637
4463	697
4463	2875
4463	3813
4463	5100
4463	5306
4463	5307
4465	143
4465	175
4465	176
4465	252
4465	367
4465	368
4465	422
4465	2001
4465	2018
4467	2345
4467	3097
4467	3260
4467	3314
4467	5037
4469	548
4469	1160
4469	2126
4469	2499
4469	2690
4469	3574
4469	3917
4469	5308
4469	5309
4469	5310
4470	4
4470	7
4470	126
4470	143
4470	147
4470	266
4470	422
4470	558
4470	754
4470	856
4472	5
4472	123
4472	125
4472	144
4472	177
4472	247
4472	248
4472	249
4472	717
4472	1317
4478	1052
4478	1146
4478	1961
4478	3418
4478	4009
4478	4364
4478	5313
4478	5314
4478	5315
4478	5316
4479	183
4479	604
4479	913
4479	2039
4479	2291
4479	3318
4479	4378
4479	5317
4479	5318
4479	5319
4482	3
4482	8
4482	127
4482	143
4482	176
4482	177
4482	248
4482	352
4482	353
4482	367
4487	842
4487	1103
4487	1141
4487	1481
4487	2201
4487	2453
4487	3207
4487	3327
4487	3714
4487	4111
4489	3813
4489	5392
4490	810
4490	981
4490	1199
4490	1297
4490	1342
4490	1607
4490	1608
4490	1867
4490	3617
4490	5320
4492	573
4492	1138
4492	1177
4492	1212
4492	1940
4492	3343
4492	3860
4492	4254
4492	5321
4492	5322
4500	120
4500	1666
4500	1884
4500	4002
4500	4799
4500	4841
4500	5187
4500	5283
4500	5315
4500	5327
4502	125
4502	174
4502	424
4502	503
4502	1142
4502	1516
4502	2537
4502	4170
4502	5331
4502	5332
4505	3456
4506	5316
4508	125
4508	129
4508	145
4508	174
4508	180
4508	353
4508	559
4508	697
4508	717
4508	1317
4510	157
4510	158
4510	442
4510	1317
4510	4177
4510	4958
4510	5328
4510	5329
4510	5330
4513	904
4513	1524
4513	2164
4513	2710
4513	3241
4513	3303
4513	3478
4513	5191
4513	5336
4513	5337
4516	282
4516	665
4516	1143
4516	1988
4516	2961
4516	3777
4516	5333
4516	5334
4516	5335
4532	4
4532	127
4532	143
4532	248
4532	266
4532	390
4532	422
4532	423
4532	667
4533	103
4533	112
4533	1382
4533	1541
4533	1741
4533	2201
4533	2312
4533	2758
4533	5338
4533	5339
4536	56
4536	158
4536	1199
4536	1341
4536	2304
4536	4096
4536	5081
4536	5340
4536	5341
4539	1651
4539	2166
4539	3352
4539	3781
4539	4553
4539	5068
4539	5085
4539	5572
4539	5868
4539	5884
4541	495
4541	1213
4541	1214
4541	1577
4541	2661
4541	3721
4541	4038
4541	4158
4541	4735
4541	5344
4551	63
4551	260
4551	562
4551	870
4551	2236
4551	3397
4551	4407
4551	4970
4551	5348
4551	5349
4552	3813
4553	3
4553	124
4553	146
4553	251
4553	266
4553	422
4553	667
4553	856
4553	2001
4553	2018
4557	41
4557	804
4557	2247
4557	2536
4557	3996
4557	4459
4557	5162
4557	5300
4557	5346
4557	5347
4566	92
4566	163
4566	1129
4566	1808
4566	3524
4566	3636
4566	4431
4566	4776
4566	5277
4566	5353
4567	149
4567	261
4567	649
4567	1042
4567	1060
4567	1867
4567	1922
4567	5350
4567	5351
4567	5352
4568	202
4568	1330
4568	2791
4568	5354
4568	5355
4568	5356
4568	5357
4568	5358
4569	581
4569	1026
4569	2965
4569	4455
4569	4516
4569	4821
4569	4844
4569	5359
4569	5360
4569	5361
4572	5376
4574	392
4574	617
4574	1616
4574	1937
4574	1987
4574	3446
4574	4960
4574	5362
4574	5363
4574	5364
4577	8
4577	282
4577	822
4577	1143
4577	1780
4577	2016
4577	3081
4577	5128
4577	5365
4583	1068
4583	1227
4583	2036
4583	3087
4583	4194
4583	4793
4583	5281
4583	5285
4583	5382
4583	5383
4585	158
4585	229
4585	1591
4585	2893
4585	3316
4585	3906
4585	4098
4585	4784
4585	4839
4585	5366
4587	462
4587	1359
4587	1457
4587	1688
4587	2875
4587	3038
4587	3858
4587	4880
4587	5367
4587	5368
4592	5380
4593	227
4593	727
4593	802
4593	945
4593	1347
4593	1956
4593	2884
4593	3485
4593	4324
4593	5369
4596	133
4596	3949
4596	4426
4596	5308
4596	5370
4596	5371
4596	5372
4596	5373
4596	5374
4596	5375
4598	4
4598	146
4598	180
4598	250
4598	368
4598	390
4598	697
4598	1245
4598	1317
4603	5381
4606	862
4606	1458
4606	1900
4606	3220
4606	3221
4606	4287
4606	4586
4606	5377
4606	5378
4606	5379
4617	3716
4617	3949
4617	4783
4617	5175
4617	5211
4617	5386
4617	5387
4617	5388
4617	5389
4617	5390
4619	381
4619	778
4619	1592
4619	1900
4619	2166
4619	2234
4619	2646
4619	2875
4619	3327
4619	4812
4620	2645
4628	68
4628	831
4628	1787
4628	2355
4628	2862
4628	3304
4628	3470
4628	4889
4628	5384
4628	5385
4629	151
4629	281
4629	491
4629	2360
4629	2781
4629	3576
4629	3891
4629	5328
4629	5391
4631	251
4631	664
4631	803
4631	2218
4631	2285
4631	2309
4631	4137
4631	5393
4631	5394
4631	5395
4633	199
4633	474
4633	476
4633	637
4633	2269
4633	3105
4633	3227
4633	4646
4633	5397
4633	5398
4635	443
4635	664
4635	828
4635	942
4635	2772
4635	4066
4635	4333
4635	4439
4635	5396
4636	5
4636	9
4636	148
4636	179
4636	390
4636	422
4636	558
4636	697
4636	754
4636	856
4638	159
4638	828
4638	1604
4638	2886
4638	5357
4638	5399
4638	5400
4638	5401
4638	5402
4639	472
4639	576
4639	2060
4639	4158
4639	5406
4643	538
4643	1575
4643	1731
4643	2214
4643	2784
4643	3566
4643	4336
4643	5342
4643	5343
4650	605
4650	835
4650	1430
4650	2970
4650	3369
4650	5407
4650	5408
4650	5409
4650	5410
4654	1137
4654	1239
4654	1509
4654	1616
4654	1803
4654	3141
4654	3699
4654	3807
4654	4655
4654	5852
4654	5954
4654	5955
4658	1973
4662	828
4662	1195
4662	2698
4662	2773
4662	2891
4662	3595
4662	4770
4662	4848
4662	5392
4662	5411
4664	3635
4664	5434
4664	5435
4664	5436
4665	110
4665	566
4665	928
4665	2254
4665	2666
4665	2744
4665	2859
4665	3097
4665	5159
4665	5412
4666	15
4666	1158
4666	1278
4666	1383
4666	2558
4666	3062
4666	4296
4666	4297
4666	4988
4666	5413
4667	458
4667	1482
4667	1524
4667	1599
4667	2887
4667	3046
4667	3675
4667	5101
4667	5373
4669	141
4669	289
4669	2227
4669	2353
4669	2625
4669	3162
4669	3562
4669	5414
4669	5415
4669	5416
4674	5283
4676	524
4676	3050
4676	3780
4676	4109
4680	1900
4680	2477
4680	3590
4680	4080
4680	4625
4684	970
4684	1731
4684	3837
4684	4176
4684	4735
4684	5343
4684	5419
4684	5420
4686	315
4686	337
4686	353
4686	629
4686	1491
4686	3571
4686	4915
4686	5300
4686	5421
4686	5422
4689	924
4689	1199
4689	1288
4689	1424
4689	1866
4689	1867
4689	1868
4689	2558
4689	5423
4689	5424
4692	532
4692	2916
4692	4371
4692	4402
4692	5425
4693	416
4693	705
4693	1651
4693	1968
4693	2399
4693	2848
4693	3733
4693	4640
4693	5426
4693	5427
4694	1047
4694	2449
4694	3293
4694	3929
4694	4164
4694	5430
4694	5431
4694	5432
4694	5433
4695	131
4695	190
4695	697
4695	942
4695	1730
4695	1922
4695	2423
4695	5189
4695	5428
4695	5429
4705	5
4705	144
4705	148
4705	249
4705	252
4705	264
4705	266
4705	367
4705	666
4705	1245
4720	131
4720	133
4720	400
4720	883
4720	4031
4720	4373
4720	4400
4720	4871
4720	4951
4720	5438
4721	51
4721	472
4721	1411
4721	1926
4721	3552
4721	4160
4721	5159
4721	5439
4721	5440
4721	5441
4723	529
4723	649
4723	2358
4723	3220
4723	4670
4723	4676
4723	4844
4723	5241
4723	5428
4723	5442
4724	63
4724	514
4724	1694
4724	4296
4724	5155
4724	5443
4724	5444
4724	5445
4724	5446
4725	255
4725	381
4725	2226
4725	3181
4725	5456
4726	804
4726	1507
4726	2292
4726	2697
4726	3496
4726	3516
4726	3949
4726	4042
4726	5261
4728	102
4728	126
4728	144
4728	145
4728	179
4728	266
4728	483
4728	1827
4728	3290
4728	4643
4729	4986
4730	2519
4730	2776
4730	2844
4730	4273
4730	4438
4730	4441
4730	4664
4730	4944
4730	5231
4730	5453
4731	2554
4731	3120
4731	4770
4731	5155
4732	132
4732	433
4732	459
4732	2060
4732	2097
4732	2332
4732	2408
4732	3312
4732	3635
4732	4667
4733	178
4733	983
4733	1679
4733	2569
4733	3590
4733	3730
4733	4526
4733	4876
4733	5447
4733	5448
4734	43
4735	606
4735	2249
4735	3993
4735	5473
4735	5474
4735	5475
4738	77
4738	586
4738	672
4738	1980
4738	2147
4738	3138
4738	5016
4738	5303
4738	5451
4738	5452
4739	260
4739	762
4739	1333
4739	3475
4739	3504
4739	3807
4739	3851
4739	5454
4739	5455
4740	908
4740	942
4740	991
4740	1412
4740	2162
4740	2708
4740	3767
4740	4113
4740	5457
4740	5458
4741	1658
4741	1974
4741	2358
4741	3127
4741	3224
4741	3860
4741	4303
4741	4306
4741	5459
4741	5460
4745	56
4745	738
4745	823
4745	898
4745	1568
4745	2024
4745	3681
4745	4337
4745	4769
4745	5461
4746	798
4746	2443
4746	2635
4746	2639
4746	3071
4746	3854
4746	4811
4746	5369
4746	5462
4746	5463
4748	1337
4748	1981
4748	2383
4748	3775
4748	3810
4748	4598
4748	5102
4748	5464
4748	5465
4748	5466
4751	8
4751	122
4751	129
4751	177
4751	249
4751	251
4751	352
4751	353
4751	367
4751	856
4752	2
4752	5
4752	8
4752	174
4752	699
4752	753
4752	762
4752	946
4752	2063
4752	4257
4754	115
4754	124
4754	483
4754	521
4754	1413
4754	1654
4754	1768
4754	4113
4754	4914
4754	5467
4755	5
4755	7
4755	121
4755	125
4755	127
4755	148
4755	174
4755	177
4755	251
4755	427
4758	365
4758	1321
4758	1808
4758	2304
4758	3092
4758	4031
4758	4063
4758	5451
4758	5468
4761	159
4761	813
4761	2494
4761	3306
4761	4759
4762	3497
4766	21
4766	892
4766	940
4766	1116
4766	1658
4766	1872
4766	4754
4766	5348
4766	5469
4766	5470
4768	989
4768	5477
4769	983
4769	2670
4769	2986
4769	3038
4769	3337
4769	4203
4769	5085
4769	5140
4769	5471
4769	5472
4771	804
4771	1090
4771	1426
4771	3951
4771	4422
4778	712
4778	1034
4778	1345
4778	1743
4778	1807
4778	2391
4778	3110
4778	4003
4778	5485
4778	5486
4781	679
4781	963
4781	1359
4781	5478
4781	5479
4781	5480
4781	5481
4781	5482
4781	5483
4781	5484
4782	1947
4782	2524
4782	2787
4782	3140
4782	3283
4782	3288
4782	3766
4782	5487
4782	5488
4782	5489
4783	51
4783	651
4783	1563
4783	2186
4783	2377
4783	2452
4783	2579
4783	3418
4783	3917
4783	4293
4784	122
4784	123
4784	124
4784	127
4784	129
4784	248
4784	845
4784	2381
4784	3305
4784	5492
4788	1909
4788	1942
4788	2068
4788	4183
4788	4216
4788	4653
4788	5115
4788	5304
4788	5493
4788	5494
4790	547
4790	909
4790	1007
4790	1812
4790	2928
4790	3033
4790	4558
4790	5050
4790	5495
4790	5496
4792	769
4792	874
4792	1227
4792	1894
4792	2538
4792	2670
4792	4199
4792	4338
4792	4578
4792	5327
4793	105
4793	127
4793	423
4793	442
4793	918
4793	1540
4793	2445
4793	4664
4793	5497
4798	821
4798	1456
4798	1842
4798	1955
4798	2866
4798	2889
4798	3233
4798	3805
4798	5499
4798	5500
4799	1456
4799	1618
4799	2234
4799	2896
4799	4876
4799	4883
4799	5463
4799	5498
4800	1240
4800	1559
4800	1766
4800	3205
4800	3672
4800	3678
4800	4942
4800	5503
4800	5504
4800	5505
4803	495
4803	2497
4803	3088
4803	3422
4803	4036
4803	4187
4803	4882
4803	5043
4803	5507
4803	5508
4805	55
4805	325
4805	490
4805	963
4805	1287
4805	1370
4805	1423
4805	3577
4805	5506
4806	5451
4810	5
4810	143
4810	145
4810	368
4810	667
4810	740
4810	1548
4810	2718
4810	3002
4810	3048
4811	3003
4813	300
4813	1434
4813	1487
4813	1730
4813	2541
4813	2787
4813	2881
4813	5510
4815	463
4815	1676
4815	2274
4815	2860
4815	2900
4815	3149
4815	3295
4815	4352
4815	5509
4822	1054
4822	1561
4822	1619
4822	2310
4822	2652
4822	2713
4822	2981
4822	4598
4822	5511
4822	5512
4825	838
4825	839
4825	1716
4825	2211
4825	2226
4825	4388
4825	4915
4825	5513
4825	5514
4825	5515
4826	230
4826	1192
4826	2217
4826	2360
4826	3903
4826	4112
4826	4215
4826	5300
4826	5523
4826	5524
4833	1056
4833	1539
4833	1974
4833	2020
4833	2114
4833	2755
4833	3277
4833	4810
4833	5521
4833	5522
4837	5525
4839	356
4839	572
4839	1137
4839	1287
4839	1671
4839	2324
4839	2475
4839	2648
4839	2822
4839	4754
4842	249
4846	926
4846	1258
4846	1382
4846	1706
4846	3062
4846	3064
4846	4170
4846	4339
4846	5881
4847	350
4847	1040
4847	1054
4847	1512
4847	2752
4847	3417
4847	4080
4847	4251
4847	4551
4847	5526
4852	554
4852	763
4852	1400
4852	1881
4852	4447
4852	4645
4852	5110
4852	5527
4852	5528
4852	5529
4856	508
4856	5393
4856	5531
4856	5532
4857	114
4857	387
4857	473
4857	531
4857	588
4857	1821
4857	3511
4857	4215
4857	5530
4864	141
4864	279
4864	1143
4864	1443
4864	2961
4864	3452
4864	5533
4864	5534
4864	5535
4864	5536
4867	493
4867	600
4867	725
4867	1034
4867	2347
4867	3968
4867	5283
4867	5543
4867	5544
4874	123
4874	249
4874	250
4874	251
4874	264
4874	422
4874	427
4874	1245
4874	2001
4875	107
4875	1229
4875	2093
4875	2350
4875	2408
4875	2890
4875	3395
4875	3542
4875	4158
4875	5333
4880	1598
4880	4333
4880	4395
4880	5295
4880	5545
4880	5546
4880	5547
4880	5548
4880	5549
4881	5672
4890	223
4890	1029
4890	1524
4890	1695
4890	1956
4890	2911
4890	3489
4890	3590
4890	3695
4890	5553
4891	249
4891	290
4891	1456
4891	2149
4891	2949
4891	4639
4891	5106
4891	5550
4891	5551
4891	5552
4892	212
4892	458
4892	2272
4892	3054
4892	3931
4892	4074
4892	4563
4892	5554
4892	5555
4896	263
4896	733
4896	878
4896	1031
4896	2449
4896	2779
4896	3553
4896	5080
4896	5568
4896	5569
4900	5
4900	8
4900	121
4900	129
4900	149
4900	174
4900	179
4900	249
4900	251
4900	352
4902	996
4902	2868
4902	3188
4902	3580
4902	3804
4902	4563
4902	4903
4902	5556
4902	5557
4902	5558
4903	2679
4903	3195
4903	3822
4903	4732
4903	5056
4903	5559
4903	5560
4903	5561
4903	5562
4908	424
4908	5314
4908	5563
4908	5564
4908	5565
4914	125
4914	498
4914	1211
4914	2798
4914	3249
4914	3819
4914	4006
4914	4474
4914	5566
4914	5567
4918	5577
4921	219
4921	1798
4921	2129
4921	2235
4921	4468
4923	5428
4932	1943
4932	2276
4932	2723
4932	3786
4932	4623
4932	5572
4932	5573
4932	5574
4932	5575
4932	5576
4935	1136
4935	2151
4935	2785
4935	3849
4935	3856
4935	4103
4935	5388
4935	5448
4935	5585
4935	5586
4937	1412
4937	2162
4937	2500
4937	4012
4937	4589
4937	4811
4937	4825
4937	4889
4937	5349
4937	5578
4940	988
4940	1273
4940	1480
4940	2148
4940	2201
4940	2787
4940	3169
4940	3636
4940	5579
4940	5580
4944	390
4944	427
4944	777
4944	1842
4944	2269
4944	2862
4944	3658
4944	4578
4944	5581
4944	5582
4948	5583
4949	31
4949	127
4949	143
4949	368
4949	422
4949	427
4949	558
4949	856
4949	2001
4951	748
4951	780
4951	803
4951	1280
4951	2236
4951	2285
4951	2568
4951	2583
4951	4641
4951	4799
4967	1303
4967	1989
4967	2769
4967	3245
4967	4330
4967	4337
4967	5074
4967	5507
4967	5587
4973	140
4973	350
4973	1066
4973	3417
4973	4324
4973	4501
4973	4752
4973	5310
4973	5463
4973	5521
4986	200
4986	1038
4986	1044
4986	2036
4986	2425
4986	3566
4986	3794
4986	4262
4986	5588
4986	5589
4988	5
4988	9
4988	126
4988	148
4988	174
4988	264
4988	390
4988	558
4988	559
4995	800
4995	1590
4995	1600
4995	1872
4995	2860
4995	2930
4995	3674
4995	5291
4995	5590
4999	123
4999	149
4999	179
4999	427
5003	2916
5003	2964
5003	2981
5003	3629
5003	4247
5003	5220
5003	5507
5003	5591
5003	5592
5003	5593
5007	1880
5007	2841
5007	3460
5007	4111
5007	4619
5007	5594
5007	5595
5007	5596
5007	5597
5007	5598
5008	31
5008	123
5008	176
5008	250
5008	1317
5008	1518
5008	3781
5008	3934
5008	4754
5008	5599
5012	266
5012	440
5012	826
5012	852
5012	2394
5012	2552
5012	3334
5012	3456
5012	4281
5014	124
5014	129
5014	146
5014	247
5014	249
5014	353
5014	368
5014	369
5014	390
5014	1245
5016	133
5016	241
5016	582
5016	965
5016	1316
5016	1541
5016	1882
5016	2090
5016	5178
5016	5601
5021	5604
5024	114
5026	1050
5026	1447
5026	1590
5026	1689
5026	1912
5026	2194
5026	2337
5026	4133
5026	5602
5026	5603
5028	156
5028	1037
5028	1129
5028	1203
5028	2752
5028	3064
5028	3797
5028	5353
5028	5605
5029	146
5029	177
5029	353
5029	1047
5029	1135
5029	2130
5029	2338
5029	3503
5029	4453
5029	5617
5030	281
5030	1168
5030	1447
5030	1451
5030	1590
5030	2353
5030	2885
5030	3069
5030	4687
5030	4877
5034	3029
5035	2857
5035	3681
5035	3727
5035	3772
5035	4663
5035	5606
5035	5607
5035	5608
5035	5609
5035	5610
5037	2765
5037	5611
5040	1010
5040	2304
5040	2392
5040	2443
5040	2853
5040	3081
5040	4507
5040	5437
5040	5612
5040	5613
5042	2968
5043	2557
5044	122
5044	123
5044	125
5044	144
5044	174
5044	352
5044	369
5044	424
5044	427
5044	2338
5045	1015
5045	2869
5045	3084
5045	5056
5045	5080
5045	5096
5045	5425
5045	5614
5045	5615
5045	5616
5048	5566
5052	198
5052	356
5052	558
5052	2234
5052	2285
5052	2354
5052	3035
5052	3133
5052	4892
5052	5618
5053	116
5053	906
5053	1250
5053	1541
5053	1859
5053	3114
5053	3319
5053	3726
5053	4189
5058	85
5058	153
5058	919
5058	1956
5058	2112
5058	2410
5058	2414
5058	4735
5058	5196
5058	5452
5060	363
5063	574
5063	2006
5063	2375
5063	2704
5063	3900
5063	4114
5063	5083
5063	5301
5063	5475
5063	5619
5065	21
5065	503
5065	997
5065	3296
5065	3931
5065	4324
5065	4801
5065	4826
5065	5621
5065	5622
5066	164
5066	523
5066	815
5066	2155
5066	2237
5066	2548
5066	3407
5066	4319
5066	5159
5066	5620
5067	804
5067	940
5067	1710
5067	2844
5067	3407
5067	4364
5067	5434
5067	5631
5067	5632
5067	5633
5069	5623
5073	363
5073	462
5073	518
5073	1047
5073	2127
5073	2612
5073	3083
5073	4408
5073	5624
5073	5625
5074	311
5074	1362
5074	1539
5074	2087
5074	2204
5074	2354
5074	2579
5074	3205
5074	5546
5075	462
5075	1454
5075	1587
5075	1846
5075	1903
5075	2511
5075	3570
5075	3586
5075	5626
5075	5627
5077	837
5077	2842
5077	3743
5077	4270
5077	5634
5078	531
5078	605
5078	810
5078	813
5078	924
5078	1867
5078	1868
5078	2677
5078	3336
5078	5630
5082	348
5082	731
5082	1233
5082	1323
5082	1506
5082	3213
5082	3356
5082	3468
5082	4893
5082	5373
5083	211
5083	581
5083	599
5083	605
5083	1486
5083	1855
5083	2500
5083	3251
5083	3402
5083	3982
5089	3981
5090	122
5090	123
5090	129
5090	143
5090	147
5090	177
5090	367
5090	368
5090	390
5090	1245
5093	2031
5096	145
5096	359
5096	427
5096	605
5096	881
5096	1861
5096	3402
5096	3550
5096	5635
5096	5636
5102	23
5102	1022
5102	1044
5102	1867
5102	3414
5102	3488
5102	4039
5102	5475
5102	5637
5102	5638
5104	23
5104	689
5104	910
5104	967
5104	1424
5104	2552
5104	2787
5104	3487
5104	4400
5104	5277
5106	1027
5106	1940
5106	2005
5106	2429
5106	2497
5106	3238
5106	4934
5106	5244
5106	5639
5106	5640
5110	38
5110	2018
5110	2148
5110	2666
5110	3895
5110	3935
5110	4838
5110	4855
5110	5642
5110	5643
5113	893
5113	1407
5113	1590
5113	1772
5113	1862
5113	2269
5113	3716
5113	4432
5113	5291
5113	5641
5120	626
5129	848
5129	1150
5129	1956
5129	2094
5129	3283
5129	3781
5129	4256
5129	4874
5129	5293
5129	5644
5131	823
5131	1787
5131	2288
5131	2566
5131	3109
5131	3797
5131	4248
5131	4895
5131	5645
5131	5646
5135	184
5135	613
5135	2973
5135	4111
5135	5647
5135	5648
5135	5649
5135	5650
5135	5651
5135	5652
5137	125
5137	129
5137	144
5137	147
5137	148
5137	179
5137	352
5137	1246
5137	1317
5137	2001
5138	2383
5147	123
5147	1321
5147	3052
5147	4213
5147	4929
5147	4998
5147	5301
5147	5653
5147	5654
5147	5655
5149	802
5149	2125
5149	2499
5149	5656
5149	5657
5151	219
5151	459
5151	612
5151	1102
5151	2403
5151	3017
5151	5510
5151	5658
5151	5659
5152	380
5152	666
5152	1540
5152	1751
5152	2577
5152	3174
5152	3658
5152	4578
5152	5199
5152	5581
5154	49
5154	803
5154	1219
5154	1255
5154	2285
5154	3017
5154	3133
5154	5023
5154	5463
5154	5670
5156	3370
5158	4402
5160	201
5160	400
5160	459
5160	1484
5160	2023
5160	2492
5160	3594
5160	3715
5160	3849
5160	4487
5163	1002
5163	3595
5163	3822
5163	4607
5163	4628
5163	4734
5163	4880
5163	5036
5163	5272
5163	5671
5165	5407
5167	1886
5167	1940
5167	1980
5167	2569
5167	3069
5167	3125
5167	4125
5167	5672
5167	5673
5167	5674
5168	229
5168	1039
5168	1192
5168	1458
5168	2127
5168	2974
5168	4563
5168	5678
5168	5679
5168	5680
5171	795
5171	1180
5171	1338
5171	2348
5171	3453
5171	3801
5171	5642
5171	5675
5171	5676
5171	5677
5175	804
5175	1770
5175	2004
5175	2214
5175	3109
5175	3596
5175	3846
5175	4912
5175	5633
5175	5638
5177	1438
5177	3109
5177	4930
5177	5681
5177	5682
5177	5683
5177	5684
5177	5685
5177	5686
5177	5687
5183	363
5183	1706
5183	1711
5183	2055
5183	2481
5183	4436
5183	4559
5183	5094
5183	5494
5183	5688
5187	302
5187	1184
5187	1946
5187	3023
5187	3414
5187	3988
5187	5065
5187	5184
5187	5689
5187	5690
5190	1056
5191	2693
5191	4129
5191	4809
5191	5051
5191	5508
5191	5691
5191	5692
5191	5693
5191	5694
5195	521
5195	1070
5195	3782
5195	3962
5195	3977
5195	4031
5195	5434
5195	5604
5195	5700
5195	5701
5196	107
5196	326
5196	1928
5196	2313
5196	3598
5196	4082
5196	4423
5196	5695
5196	5696
5196	5697
5197	48
5197	968
5197	1814
5197	2055
5197	2164
5197	3112
5197	5441
5197	5475
5197	5698
5197	5699
5200	605
5200	1714
5200	2017
5200	3142
5200	3402
5200	4176
5200	5710
5200	5711
5200	5712
5200	5713
5201	127
5201	129
5201	146
5201	176
5201	238
5201	264
5201	352
5201	717
5201	1245
5201	2338
5202	158
5202	202
5202	255
5202	532
5202	553
5202	573
5202	823
5202	883
5202	914
5202	923
5202	979
5202	1047
5202	1213
5202	1615
5202	1708
5202	1789
5202	1805
5202	1808
5202	1868
5202	1881
5202	2015
5202	2035
5202	2555
5202	2664
5202	2693
5202	2721
5202	2905
5202	3153
5202	3288
5202	3351
5202	3479
5202	3511
5202	3740
5202	3861
5202	4093
5202	4333
5202	4453
5202	4563
5202	4623
5202	4873
5202	4912
5202	5029
5202	5051
5202	5321
5202	5629
5202	5702
5206	43
5206	169
5206	219
5206	246
5206	2652
5206	3058
5206	3601
5206	3925
5206	3944
5206	5704
5207	544
5207	816
5207	1504
5207	1764
5207	1765
5207	2069
5207	4846
5207	5499
5207	5708
5207	5709
5211	115
5211	279
5211	1597
5211	2547
5211	2594
5211	3021
5211	3912
5211	4894
5211	5121
5211	5703
5213	253
5213	2330
5213	2552
5213	3883
5213	5501
5213	5705
5213	5706
5213	5707
5214	1193
5214	1926
5214	2236
5214	2337
5214	2847
5214	4018
5214	5081
5214	5235
5214	5714
5220	1168
5220	1480
5220	2823
5220	4137
5220	4740
5220	4929
5220	5715
5220	5716
5220	5717
5220	5718
5221	96
5221	292
5221	334
5221	400
5221	1122
5221	1177
5221	1377
5221	2322
5221	3306
5221	5719
5222	3301
5224	391
5224	717
5224	1542
5224	1787
5224	1881
5224	2892
5224	4490
5224	4741
5224	5720
5226	748
5226	1316
5226	1326
5226	1487
5226	2414
5226	2639
5226	2901
5226	3192
5226	3849
5226	4765
5227	480
5227	1039
5227	1654
5227	3348
5227	5138
5227	5427
5227	5721
5227	5722
5227	5723
5227	5724
5228	136
5236	125
5236	143
5236	145
5236	146
5236	147
5236	367
5236	368
5236	422
5236	559
5236	754
5238	208
5238	347
5238	724
5238	3129
5238	3823
5238	4764
5238	5726
5238	5727
5238	5728
5238	5729
5241	198
5241	1192
5241	1969
5241	2776
5241	2888
5241	3395
5241	4251
5241	4641
5241	4992
5241	5725
5245	123
5245	127
5245	146
5245	147
5245	175
5245	247
5245	250
5245	369
5245	423
5250	5733
5251	5368
5251	5738
5251	5739
5251	5740
5251	5741
5251	5742
5251	5743
5251	5744
5251	5745
5251	5746
5253	976
5253	1787
5253	1809
5253	2156
5253	2309
5253	3185
5253	4448
5253	4641
5253	4793
5254	450
5254	2308
5254	3488
5254	4426
5254	4654
5254	4998
5254	5474
5254	5594
5254	5731
5254	5732
5255	147
5255	248
5255	422
5255	427
5255	2001
5255	2018
5255	2968
5255	3804
5255	5636
5255	5730
5257	76
5257	726
5257	3877
5257	3903
5257	5734
5259	4540
5263	124
5263	143
5263	147
5263	247
5263	390
5263	422
5263	423
5263	427
5263	2001
5267	3
5267	9
5267	122
5267	125
5267	126
5267	145
5267	149
5267	174
5267	247
5267	1317
5270	2398
5270	3350
5270	3385
5270	4375
5270	5482
5272	203
5272	852
5272	1614
5272	1797
5272	2652
5272	2706
5272	5735
5272	5736
5272	5737
5273	680
5273	1267
5273	2268
5273	2465
5273	5757
5276	235
5276	342
5276	1591
5276	3205
5276	3428
5276	4041
5276	4740
5276	5321
5276	5747
5276	5748
5277	25
5277	228
5277	1227
5277	3096
5277	5758
5279	1402
5279	2035
5279	3080
5279	4882
5279	5749
5281	7
5281	174
5281	390
5281	699
5281	753
5281	754
5281	762
5281	2064
5281	2077
5281	3118
5285	3440
5285	5296
5285	5748
5285	5750
5285	5751
5285	5752
5285	5753
5285	5754
5285	5755
5285	5756
5290	3476
5291	5660
5291	5661
5291	5662
5291	5663
5291	5664
5291	5665
5291	5666
5291	5667
5291	5668
5291	5669
5292	1240
5292	3029
5292	4641
5292	5159
5292	5766
5294	64
5294	2633
5294	3205
5294	3218
5294	4205
5294	4939
5294	5759
5294	5760
5294	5761
5294	5762
5296	1001
5296	1948
5296	4735
5296	4788
5296	5073
5296	5398
5296	5504
5296	5763
5296	5764
5296	5765
5304	113
5304	2313
5304	2932
5304	3017
5304	3134
5304	4702
5304	5281
5304	5299
5304	5510
5304	5657
5306	129
5306	1509
5306	1912
5306	3566
5306	5156
5306	5369
5306	5747
5306	5767
5306	5768
5312	5278
5315	63
5315	2927
5315	3346
5315	4771
5315	5161
5315	5578
5315	5769
5315	5770
5315	5771
5315	5772
5318	346
5318	1861
5318	1922
5318	2353
5318	2360
5318	2456
5318	3190
5318	3418
5318	5773
5318	5774
5321	255
5321	1115
5321	1845
5321	1928
5321	3933
5321	4074
5321	4129
5321	5510
5321	5775
5321	5776
5326	701
5326	703
5326	1430
5326	2149
5326	3017
5326	3027
5326	4297
5326	5268
5326	5339
5326	5352
5332	121
5332	129
5332	352
5332	424
5332	5731
5338	4
5338	122
5338	143
5338	180
5338	252
5338	266
5338	368
5338	369
5338	427
5338	754
5339	124
5339	147
5339	175
5339	247
5339	250
5339	367
5339	368
5339	369
5339	559
5339	754
5343	946
5343	2414
5343	2563
5343	2780
5343	3930
5343	4245
5343	4675
5343	5300
5343	5781
5343	5782
5347	20
5347	54
5347	146
5347	534
5347	749
5347	1901
5347	2616
5347	3292
5347	4051
5347	5224
5347	5348
5347	5462
5347	5542
5347	5616
5347	5632
5347	5783
5347	5784
5352	149
5352	266
5352	1317
5352	1414
5352	2197
5352	2837
5352	3614
5352	4427
5352	4844
5352	5767
5356	685
5356	2002
5356	2036
5356	3407
5356	3455
5357	1516
5357	5474
5357	5816
5359	4
5359	125
5359	175
5359	352
5359	368
5359	558
5359	717
5359	856
5359	1317
5359	2338
5361	2035
5361	4945
5361	5115
5361	5352
5361	5789
5361	5790
5361	5791
5361	5792
5361	5793
5361	5794
5366	942
5366	1456
5366	2230
5366	2366
5366	2612
5366	2841
5366	2982
5366	3707
5366	5798
5372	2594
5373	204
5373	1049
5373	1685
5373	2088
5373	4013
5373	4317
5373	4659
5373	4909
5373	5633
5373	5799
5378	296
5378	352
5378	1358
5378	3221
5378	3446
5378	3519
5378	5432
5378	5612
5378	5800
5379	2579
5380	1001
5385	309
5385	1120
5385	1511
5385	2007
5385	2090
5385	5074
5385	5636
5385	5729
5385	5801
5385	5802
5386	5
5386	125
5386	129
5386	174
5386	238
5386	248
5386	250
5386	252
5386	1084
5389	2634
5404	1143
5404	2583
5404	2658
5404	2885
5404	2961
5404	5749
5404	5763
5404	5764
5404	5805
5406	38
5406	740
5406	1956
5406	2060
5406	2391
5406	4170
5406	5096
5406	5510
5406	5803
5406	5804
5410	275
5410	605
5410	1123
5410	1430
5410	1818
5410	2721
5410	3919
5410	5809
5410	5810
5410	5811
5413	1310
5413	1883
5413	3621
5413	4694
5413	4723
5413	4727
5413	5542
5413	5820
5413	5821
5413	5822
5414	855
5417	892
5417	1107
5417	1330
5417	1617
5417	1757
5417	2112
5417	3926
5417	5415
5417	5812
5417	5813
5418	7
5418	124
5418	144
5418	146
5418	148
5418	266
5418	698
5418	754
5418	1297
5418	2803
5421	2146
5423	285
5423	582
5423	707
5423	1044
5423	3202
5423	4368
5423	4828
5423	5100
5423	5442
5423	5685
5425	415
5425	1158
5425	1383
5425	2059
5425	2677
5425	2869
5425	3213
5425	3516
5425	4377
5425	5616
5429	651
5429	1534
5429	1720
5429	2690
5429	4306
5429	4439
5429	4961
5429	5040
5429	5827
5429	5828
5432	379
5432	418
5432	513
5432	882
5432	2354
5432	2684
5432	4779
5432	5344
5432	5734
5432	5817
5436	1956
5440	196
5440	558
5440	1021
5440	1088
5440	1447
5440	3374
5440	4885
5440	5245
5440	5818
5440	5819
5443	898
5443	1115
5443	1227
5443	3217
5443	4128
5443	5823
5443	5824
5443	5825
5443	5826
5452	8
5452	122
5452	126
5452	145
5452	149
5452	174
5452	179
5452	424
5452	427
5452	1317
5457	438
5457	908
5457	991
5457	3767
5457	4486
5457	4487
5457	5554
5457	5829
5457	5830
5458	2719
5459	385
5459	870
5459	1048
5459	1980
5459	4793
5459	5831
5459	5832
5459	5833
5459	5834
5464	2005
5464	2532
5464	2862
5464	3564
5464	3860
5464	4633
5464	5155
5464	5425
5464	5823
5464	5835
5472	866
5472	1288
5472	1433
5472	3061
5472	3796
5472	4166
5472	4382
5472	4866
5472	5211
5472	5839
5478	122
5478	123
5478	145
5478	148
5478	238
5478	353
5478	424
5478	697
5478	736
5478	2001
5479	2697
5479	4065
5479	5882
5486	1056
5486	1160
5486	1199
5486	2709
5486	3489
5486	3977
5486	4332
5486	5836
5486	5837
5486	5838
5487	5858
5492	163
5492	1968
5492	2648
5492	4844
5492	5475
5492	5767
5492	5841
5492	5842
5492	5843
5492	5844
5495	183
5495	610
5495	1848
5495	2044
5495	3471
5495	3516
5495	4940
5495	5118
5495	5211
5495	5847
5497	41
5497	143
5497	266
5497	491
5497	911
5497	2202
5497	3599
5497	4652
5497	5845
5497	5846
5498	144
5498	145
5498	147
5498	148
5498	149
5498	175
5498	367
5498	390
5498	718
5499	3635
5499	4128
5499	4462
5499	4670
5499	5828
5500	2059
5504	505
5504	3293
5504	3778
5504	4293
5504	4458
5504	5121
5504	5703
5504	5792
5504	5854
5504	5855
5505	295
5508	547
5508	1301
5508	2376
5508	3813
5508	4067
5508	4382
5508	5856
5508	5857
5509	1405
5509	2218
5509	3288
5509	4501
5509	4854
5509	5859
5509	5860
5509	5861
5509	5862
5510	122
5510	175
5510	247
5510	249
5510	250
5510	251
5510	367
5510	390
5510	422
5510	667
5515	8
5515	123
5515	124
5515	127
5515	179
5515	247
5515	367
5515	390
5515	423
5515	1246
5523	241
5528	2716
5528	4483
5528	4660
5528	4771
5528	4929
5528	4970
5528	5863
5528	5864
5528	5865
5529	345
5529	2377
5529	3285
5529	3334
5529	4160
5529	4735
5529	4986
5529	5168
5529	5866
5529	5867
5531	1945
5531	1955
5531	2062
5531	2399
5531	2617
5531	2850
5531	2874
5531	5405
5531	5902
5531	5903
5532	8
5532	17
5532	126
5532	129
5532	147
5532	250
5532	422
5532	424
5532	3937
5535	2499
5535	2670
5535	2958
5535	3067
5535	3629
5535	3674
5535	4276
5535	4840
5535	5811
5535	5835
5537	477
5537	1194
5537	1365
5537	2345
5537	2955
5537	5538
5537	5539
5537	5540
5537	5541
5537	5542
5538	162
5538	223
5538	477
5538	2345
5538	3081
5538	3989
5538	5058
5538	5868
5538	5869
5538	5870
5539	125
5542	495
5542	1194
5542	1261
5542	1587
5542	2089
5542	2384
5542	2541
5542	4782
5542	4813
5542	4945
5543	123
5543	146
5543	249
5543	264
5543	352
5543	369
5543	422
5543	423
5543	427
5543	2338
5545	63
5545	629
5545	1034
5545	1384
5545	2078
5545	2249
5545	2386
5545	2698
5545	2780
5545	3110
5545	3517
5545	4503
5545	4838
5545	6292
5545	6293
5545	6294
5545	6295
5548	4453
5548	5012
5548	5634
5548	5871
5548	5872
5552	353
5552	785
5552	849
5552	918
5552	1103
5552	3618
5552	4812
5552	5040
5552	5405
5552	5873
5565	705
5565	1029
5565	1084
5565	3765
5565	3818
5565	5874
5565	5875
5565	5876
5565	5877
5565	5878
5568	894
5568	1420
5568	1575
5568	4368
5568	4804
5572	56
5572	206
5572	787
5572	788
5572	4293
5572	4676
5572	5063
5572	5879
5572	5880
5572	5881
5578	1511
5578	1762
5578	2090
5578	5580
5578	5883
5580	2881
5585	106
5585	1949
5585	2593
5585	2594
5585	2595
5585	2892
5585	3343
5585	4613
5585	5887
5585	5888
5587	5300
5589	203
5589	697
5589	750
5589	913
5589	2716
5589	4156
5589	4189
5589	5407
5589	5449
5590	706
5590	800
5590	1600
5590	1766
5590	5885
5597	419
5597	1025
5597	1728
5597	4779
5597	5886
5600	4943
5602	1085
5602	1333
5603	1094
5603	1495
5603	1597
5603	1608
5603	1788
5603	2689
5603	3053
5603	4295
5603	4702
5603	5895
5608	65
5608	311
5608	612
5608	2308
5608	2566
5608	3539
5608	5004
5608	5897
5608	5898
5608	5899
5613	1454
5613	2191
5613	3328
5613	3574
5613	4885
5613	5576
5613	5704
5613	5784
5613	5887
5613	5896
5614	4415
5615	1082
5615	1923
5615	2005
5615	2207
5615	2726
5615	3125
5615	3376
5615	4854
5615	5900
5615	5901
5616	133
5616	813
5616	1533
5616	2215
5616	2391
5616	2625
5616	2847
5616	3836
5616	4484
5618	637
5618	969
5618	1039
5618	1311
5618	1541
5618	2444
5618	2646
5618	4798
5618	5904
5618	5905
5619	261
5619	391
5619	898
5619	1212
5619	1866
5619	1867
5619	2149
5619	2973
5619	3982
5619	4237
5623	212
5623	531
5623	1094
5623	1665
5623	2298
5623	2468
5623	5378
5623	5906
5623	5907
5623	5908
5625	686
5625	1863
5625	1940
5625	2794
5625	3193
5625	3205
5625	4891
5625	5912
5625	5913
5626	584
5626	1203
5626	1509
5626	3253
5626	4037
5626	4632
5626	5837
5626	5909
5626	5910
5626	5911
5629	92
5629	133
5629	177
5629	731
5629	2443
5629	2779
5629	4111
5629	4646
5629	5775
5630	290
5630	380
5630	3299
5630	5914
5630	5915
5643	5918
5644	643
5644	877
5644	1316
5644	1335
5644	1928
5644	3027
5644	4101
5644	5916
5644	5917
5645	57
5645	271
5645	2249
5645	3675
5645	4077
5645	5923
5645	5924
5645	5925
5645	5926
5650	5921
5651	290
5651	2379
5651	2898
5651	3367
5651	3489
5651	5288
5651	5887
5651	5919
5651	5920
5653	538
5653	614
5653	675
5653	2481
5653	4655
5653	5291
5653	5601
5653	5927
5653	5928
5653	5929
5654	3
5654	123
5654	124
5654	127
5654	247
5654	369
5654	390
5654	666
5654	667
5654	856
5655	1608
5656	442
5657	667
5657	1923
5657	2005
5657	3083
5657	3200
5657	4234
5657	4324
5657	5016
5657	5922
5670	268
5670	522
5670	2538
5670	2735
5670	4969
5670	5149
5670	5887
5670	5930
5670	5931
5670	5932
5675	2302
5675	5474
5675	5729
5675	5933
5675	5934
5677	2625
5677	3046
5677	3292
5677	4295
5677	4806
5677	5237
5677	5315
5677	5468
5677	5935
5680	531
5680	678
5680	3124
5680	3232
5680	3571
5680	4006
5680	4193
5680	4307
5680	5589
5680	5936
5682	364
5682	852
5682	1700
5682	1910
5682	1945
5682	2085
5682	3299
5682	4891
5682	5116
5682	5837
5691	3481
5695	1384
5695	2219
5695	5254
5695	5975
5701	603
5701	1552
5701	1720
5701	2081
5701	2177
5701	2933
5701	3224
5701	3543
5701	3743
5701	5406
5703	789
5707	823
5708	5943
5716	206
5716	941
5716	2037
5716	2823
5716	4639
5716	4694
5716	4809
5716	5944
5716	5945
5716	5946
5720	5890
5724	3
5724	7
5724	122
5724	123
5724	124
5724	125
5724	145
5724	177
5724	352
5724	427
5726	4
5726	9
5726	17
5726	126
5726	149
5726	175
5726	422
5726	559
5726	754
5727	1531
5727	2241
5727	2804
5727	3334
5727	5844
5727	5947
5727	5948
5727	5949
5727	5950
5727	5951
5729	586
5729	898
5729	2198
5729	2227
5729	2789
5729	3275
5729	4280
5729	5756
5729	5952
5729	5953
5735	1120
5735	1375
5735	2027
5735	3109
5735	3335
5735	3930
5735	4986
5735	5956
5735	5957
5740	2018
5742	381
5742	448
5742	1311
5742	1850
5742	2663
5742	3460
5742	3801
5742	4365
5742	5677
5742	5961
5750	487
5750	491
5750	811
5750	862
5750	1509
5750	1757
5750	2127
5750	4287
5750	5962
5750	5963
5751	5168
5753	244
5753	835
5753	1321
5753	1890
5753	3446
5753	4639
5753	4881
5753	5368
5753	5966
5753	5967
5754	870
5754	1048
5754	2537
5754	3563
5754	3993
5754	4622
5754	5729
5754	5920
5754	5964
5754	5965
5755	3509
5757	4570
5759	704
5759	837
5759	1137
5759	1928
5759	4095
5759	5230
5759	5931
5759	5968
5759	5969
5761	1388
5761	2176
5761	2385
5761	3018
5761	3516
5761	4776
5761	5050
5761	5567
5761	5826
5761	5970
5763	2583
5763	3359
5763	3797
5763	3992
5763	5118
5763	5719
5763	5971
5763	5972
5775	376
5775	710
5775	779
5775	1122
5775	1272
5775	1375
5775	2015
5775	2422
5775	2634
5775	3335
5775	4316
5775	5850
5775	5879
5775	6008
5775	6009
5775	6010
5775	6011
5783	351
5783	996
5783	3249
5783	5779
5783	5823
5783	5976
5783	5977
5783	5978
5783	5979
5785	121
5785	123
5785	144
5785	149
5785	176
5785	180
5785	352
5785	754
5785	1317
5788	1173
5788	1487
5788	1544
5788	3531
5788	4885
5788	5546
5788	5655
5788	5980
5788	5981
5788	5982
5792	3
5792	123
5792	126
5792	127
5792	129
5792	144
5792	179
5792	351
5792	353
5792	1317
5793	436
5793	551
5793	1458
5793	1509
5793	2804
5793	3233
5793	5837
5793	5983
5793	5984
5793	5985
5794	771
5794	1637
5794	1940
5794	5429
5794	5986
5794	5987
5794	5988
5794	5989
5794	5990
5794	5991
5802	4273
5804	1538
5804	3345
5804	3702
5804	4939
5804	5988
5804	5992
5804	5993
5804	5994
5804	5995
5804	5996
5807	648
5807	1845
5807	2264
5807	3205
5807	4170
5807	5403
5807	5992
5807	5997
5807	5998
5807	5999
5809	4
5809	7
5809	8
5809	126
5809	129
5809	144
5809	175
5809	179
5809	1317
5811	222
5811	342
5811	2324
5811	2445
5811	2475
5811	2612
5811	4131
5811	4597
5811	4885
5819	123
5819	143
5819	177
5819	179
5819	247
5819	264
5819	367
5819	369
5819	422
5819	1246
5820	1831
5820	2472
5820	2627
5820	4060
5820	5501
5820	5657
5820	6002
5820	6003
5820	6004
5820	6005
5821	491
5821	858
5821	983
5821	1313
5821	1458
5821	3388
5821	5534
5821	5837
5821	6006
5821	6007
5824	1592
5824	1993
5824	2267
5824	2650
5824	2672
5824	2720
5824	4128
5824	5771
5824	5958
5824	5974
5827	3077
5827	3964
5827	4614
5827	5323
5827	6059
5827	6060
5828	122
5828	246
5828	264
5829	3480
5830	529
5830	942
5830	2622
5830	2797
5830	2798
5830	4469
5830	5593
5830	6023
5830	6024
5830	6025
5831	8
5831	36
5831	57
5831	75
5831	102
5831	252
5831	311
5831	383
5831	582
5831	583
5831	611
5831	634
5831	654
5831	1157
5831	1173
5831	1477
5831	1872
5831	1890
5831	1931
5831	2248
5831	2746
5831	2767
5831	2931
5831	2941
5831	3115
5831	3161
5831	3343
5831	3981
5831	4115
5831	4159
5831	4303
5831	5184
5831	5528
5831	5872
5831	5931
5831	5932
5831	6012
5831	6013
5831	6014
5831	6015
5831	6016
5831	6017
5831	6018
5831	6019
5831	6020
5831	6021
5831	6022
5831	6023
5834	124
5834	177
5834	248
5834	249
5834	1245
5847	518
5847	1240
5847	1691
5847	5511
5847	6026
5847	6027
5847	6028
5847	6029
5847	6030
5854	1087
5854	3084
5854	4068
5854	5556
5854	5626
5854	5976
5854	5977
5854	5979
5854	6031
5854	6032
5855	171
5855	788
5855	3378
5855	3385
5855	5523
5855	5735
5855	5850
5855	6033
5855	6034
5855	6035
5858	612
5866	2232
5866	3481
5881	6039
5882	261
5882	337
5882	442
5882	1530
5882	1952
5882	3732
5882	3989
5882	5086
5882	5261
5882	5546
5884	6040
5886	285
5886	1592
5886	1761
5886	2563
5886	2646
5886	5487
5886	5617
5886	5941
5886	6023
5886	6041
5887	1240
5887	2690
5887	3946
5887	6042
5887	6043
5887	6044
5887	6045
5887	6046
5887	6047
5887	6048
5890	285
5892	6049
5893	8
5893	124
5893	238
5893	248
5893	249
5893	251
5893	352
5893	422
5893	423
5893	667
5895	122
5895	123
5895	128
5895	129
5895	249
5895	251
5895	266
5895	368
5895	427
5895	718
5897	758
5897	918
5897	919
5897	1865
5897	5562
5897	5576
5897	6050
5897	6051
5897	6052
5897	6053
5899	17
5899	96
5899	3376
5899	4024
5899	4987
5899	5230
5899	5341
5899	6056
5899	6057
5899	6058
5901	664
5901	2663
5901	3415
5901	3906
5901	5407
5901	5415
5901	5781
5901	6054
5901	6055
5905	130
5905	570
5905	1261
5905	1511
5905	1921
5905	3722
5905	4485
5905	4875
5905	4979
5905	5723
5907	796
5907	1380
5907	1892
5907	4131
5907	4268
5907	5442
5907	6063
5907	6064
5907	6065
5909	282
5909	342
5909	1805
5909	2612
5909	3963
5909	4170
5909	4333
5909	4365
5909	5729
5915	1255
5915	1677
5915	2161
5915	2612
5915	2622
5915	3194
5915	3954
5915	4754
5915	6066
5915	6067
5921	1064
5921	2450
5921	2552
5921	3698
5921	4109
5921	4507
5921	4793
5921	5788
5921	6068
5921	6069
5924	276
5924	619
5924	1568
5924	1983
5924	2276
5924	3173
5924	3891
5924	4052
5924	5911
5924	6071
5925	125
5925	229
5925	3257
5925	3852
5925	4882
5925	4894
5925	5086
5925	5128
5925	5229
5925	6070
5928	4
5928	127
5928	143
5928	146
5928	175
5928	264
5928	390
5928	427
5928	558
5931	731
5931	1129
5931	5228
5931	5686
5931	5999
5932	552
5936	31
5936	485
5936	1127
5936	2424
5936	3214
5936	3771
5936	4016
5936	4128
5936	4526
5936	5378
5937	817
5937	1652
5937	3083
5937	4075
5937	5614
5939	325
5939	1007
5939	1952
5939	2477
5939	3124
5939	3416
5939	3543
5939	4877
5939	5896
5939	6072
5940	376
5941	110
5941	858
5941	1169
5941	1509
5941	2111
5941	3249
5941	5978
5941	6073
5941	6074
5941	6075
5944	969
5944	2090
5944	3488
5944	3903
5944	5536
5944	5607
5944	6001
5944	6005
5944	6076
5944	6077
5950	9
5950	147
5950	149
5950	238
5950	252
5950	266
5950	426
5950	666
5950	717
5950	2018
5951	870
5951	2348
5951	3165
5951	3550
5951	3733
5951	4093
5951	5129
5951	5644
5951	6078
5951	6079
5952	714
5952	1627
5952	2047
5952	2475
5952	3232
5952	4012
5952	5287
5952	5508
5952	5815
5952	6080
5956	503
5956	2154
5956	2373
5956	2378
5956	2385
5956	4944
5956	5429
5956	6081
5956	6082
5956	6083
5957	86
5957	1246
5957	2008
5957	4353
5957	4368
5957	5504
5957	5715
5957	6084
5957	6085
5957	6086
5960	3304
5961	1460
5961	2881
5961	2933
5961	6108
5962	249
5962	266
5962	367
5962	422
5962	559
5962	695
5962	736
5962	754
5962	3677
5965	179
5965	1335
5965	2361
5965	2487
5965	3388
5965	5514
5965	5626
5965	5989
5965	6088
5965	6089
5970	86
5970	477
5970	586
5970	1240
5970	1770
5970	4756
5970	4844
5970	5627
5970	6090
5971	6091
5976	337
5976	1541
5976	1952
5976	2417
5976	3385
5976	3732
5976	4668
5976	5086
5976	5688
5976	6092
5977	243
5977	424
5977	1893
5977	2448
5977	3171
5977	3344
5977	3756
5977	4213
5977	6007
5977	6093
5978	124
5978	238
5978	266
5978	353
5978	367
5978	422
5978	423
5978	427
5978	559
5978	717
5980	563
5980	762
5980	789
5980	835
5980	977
5980	1122
5980	1903
5980	1913
5980	3956
5980	6096
5981	111
5981	830
5981	1811
5981	2163
5981	2193
5981	3861
5981	3953
5981	4332
5981	6094
5981	6095
5982	243
5982	2260
5982	3093
5982	3231
5982	4592
5982	5569
5982	5645
5982	6097
5982	6098
5982	6099
5987	529
5987	981
5987	2776
5987	3140
5987	4225
5987	6100
5987	6101
5987	6102
5987	6103
5987	6104
5988	5
5988	9
5988	126
5988	175
5988	180
5988	252
5988	266
5988	368
5988	3677
5990	547
5990	996
5990	1451
5990	1888
5990	3039
5990	5628
5990	5913
5990	6109
5990	6110
5990	6111
5994	38
5994	132
5994	747
5994	1130
5994	2556
5994	3460
5994	5879
5994	6105
5994	6106
5994	6107
5995	122
6004	583
6004	1058
6004	5292
6004	5940
6004	6112
6004	6113
6004	6114
6004	6115
6004	6116
6006	230
6006	1458
6006	2649
6006	3389
6006	3794
6006	6117
6006	6118
6006	6119
6006	6120
6012	2023
6012	2024
6012	3988
6012	4058
6012	5469
6012	5498
6012	6123
6012	6124
6012	6125
6012	6126
6015	235
6015	1402
6015	1846
6015	1860
6015	2086
6015	2325
6015	3486
6015	3820
6015	4754
6015	6127
6016	1042
6016	1203
6016	1255
6016	1430
6016	2492
6016	3630
6016	6041
6016	6128
6016	6129
6016	6130
6018	443
6023	78
6023	350
6023	1168
6023	4303
6023	4423
6023	5350
6023	6134
6023	6135
6023	6136
6031	4966
6036	474
6036	810
6036	1332
6036	1458
6036	1842
6036	3213
6036	3411
6036	3658
6036	3913
6036	6137
6038	50
6038	190
6038	1376
6038	1557
6038	1689
6038	2254
6038	2354
6038	2414
6038	2657
6038	2750
6039	202
6039	503
6039	810
6039	814
6039	1915
6039	2149
6039	2719
6039	2755
6039	2978
6039	3275
6039	3293
6039	3325
6039	3488
6039	5049
6039	5395
6039	5554
6039	5816
6039	5888
6039	5952
6039	5966
6039	6022
6039	6157
6039	6158
6039	6159
6039	6160
6039	6161
6039	6162
6039	6163
6039	6164
6039	6165
6039	6166
6045	5338
6046	73
6046	177
6046	1974
6046	3022
6046	3088
6046	4465
6046	4511
6046	4580
6046	5962
6046	6139
6047	5754
6049	157
6049	500
6049	664
6049	1017
6049	1715
6049	2991
6049	3293
6049	6140
6049	6141
6049	6142
6050	307
6050	1173
6050	2220
6050	6143
6050	6144
6050	6145
6050	6146
6050	6147
6050	6148
6050	6149
6057	3218
6059	683
6060	174
6060	179
6060	251
6060	351
6060	983
6061	6150
6062	1956
6062	2761
6062	3587
6062	4577
6062	4818
6062	5554
6062	6013
6062	6151
6062	6152
6062	6153
6063	255
6063	275
6063	456
6063	527
6063	1375
6063	2126
6063	5216
6063	5288
6063	5406
6063	5556
6066	86
6066	1246
6066	2008
6066	3138
6066	3515
6066	6071
6066	6086
6066	6154
6066	6155
6066	6156
6067	17
6067	123
6067	175
6067	249
6067	390
6067	423
6067	695
6067	697
6067	856
6069	158
6069	490
6069	650
6069	1522
6069	3205
6069	5133
6069	5469
6069	6167
6069	6168
6070	1087
6070	1512
6070	2857
6070	3593
6070	3841
6070	3948
6070	4159
6070	4844
6070	5373
6070	5436
6071	364
6071	3298
6071	5014
6071	5081
6071	5179
6071	5980
6071	6249
6071	6250
6071	6251
6071	6252
6077	9
6077	125
6077	148
6077	174
6077	179
6077	352
6077	353
6077	424
6077	736
6077	753
6078	14
6078	36
6078	1100
6078	1291
6078	1824
6078	1859
6078	2275
6078	3035
6078	4813
6078	6169
6079	458
6079	944
6079	983
6079	3981
6079	5016
6079	5115
6079	5790
6079	5802
6079	6170
6081	129
6081	219
6081	864
6081	1812
6081	2079
6081	4107
6081	4319
6081	6046
6088	220
6088	2181
6088	2773
6088	3858
6088	3989
6088	5815
6088	6027
6088	6099
6088	6171
6089	6237
6092	4
6092	8
6092	126
6092	129
6092	144
6092	179
6092	1317
6092	3022
6092	5911
6093	253
6093	2292
6093	2445
6093	3963
6093	4872
6093	5269
6093	6166
6093	6172
6093	6173
6094	1006
6094	1323
6094	1333
6094	2026
6094	4254
6094	4297
6094	6095
6094	6174
6094	6175
6094	6176
6095	380
6095	2295
6095	3021
6095	3675
6095	3804
6095	4363
6095	5449
6095	5603
6095	6177
6095	6178
6096	5254
6099	106
6099	1637
6099	1915
6099	2015
6099	4893
6099	5714
6099	5901
6099	6166
6099	6179
6099	6180
6102	570
6102	1537
6102	1838
6102	1882
6102	4227
6102	5508
6102	6096
6102	6280
6102	6281
6105	6179
6108	76
6108	131
6108	1023
6108	1863
6108	2080
6108	2127
6108	3677
6108	3962
6108	4260
6108	6182
6110	1084
6110	2117
6110	2276
6110	3252
6110	3257
6110	3531
6110	5557
6110	5600
6110	6195
6110	6196
6111	554
6111	839
6111	967
6111	1267
6111	3227
6111	3327
6111	3481
6111	4914
6111	5601
6114	424
6114	858
6114	1629
6114	5962
6114	6189
6114	6190
6114	6191
6114	6192
6114	6193
6114	6194
6123	523
6123	524
6123	1038
6123	2046
6123	2821
6123	3331
6123	4301
6123	4383
6123	5765
6123	5844
6124	311
6124	510
6124	962
6124	2136
6124	2151
6124	4885
6124	4915
6124	4978
6124	6176
6124	6183
6125	1377
6125	3125
6125	3264
6125	3981
6125	5535
6125	6184
6125	6185
6125	6186
6125	6187
6125	6188
6132	3
6132	125
6132	176
6132	249
6132	251
6132	353
6132	559
6132	754
6132	1317
6132	3371
6134	3960
6138	129
6138	143
6138	146
6138	177
6138	249
6138	367
6138	369
6138	423
6138	424
6138	2338
6139	187
6139	257
6139	301
6139	558
6139	1017
6139	1052
6139	1797
6139	3837
6139	5765
6139	6197
6139	6198
6139	6199
6139	6200
6139	6201
6139	6202
6139	6203
6139	6204
6139	6205
6139	6206
6139	6207
6139	6208
6139	6209
6139	6210
6139	6211
6139	6212
6139	6213
6139	6214
6139	6215
6139	6216
6139	6217
6139	6218
6139	6219
6139	6220
6139	6221
6139	6222
6139	6223
6139	6224
6139	6225
6139	6226
6139	6227
6139	6228
6141	213
6141	1762
6141	2179
6141	2234
6141	2272
6141	2449
6141	2797
6141	3557
6141	4815
6141	6229
6152	371
6152	762
6152	1330
6152	1797
6152	2531
6152	3305
6152	3503
6152	3900
6152	4981
6152	6171
6155	2394
6155	2487
6155	3768
6155	4080
6155	4503
6155	4883
6155	5086
6155	6230
6155	6231
6163	491
6163	744
6163	851
6163	2202
6163	2583
6163	3089
6163	3601
6163	5826
6163	6041
6163	6233
6165	255
6165	376
6165	777
6165	1229
6165	3190
6165	3683
6165	4757
6165	4885
6165	5593
6165	5801
6169	83
6169	969
6169	1679
6169	3190
6169	3304
6169	4654
6169	4762
6169	6065
6169	6234
6169	6235
6170	717
6170	803
6170	1401
6170	2621
6170	3076
6170	3477
6170	3485
6170	6238
6170	6239
6170	6240
6171	311
6171	809
6171	1022
6171	1694
6171	3403
6171	3677
6171	4014
6171	4518
6171	5988
6171	6236
6174	5
6174	7
6174	8
6174	121
6174	149
6174	247
6174	353
6174	424
6174	754
6174	1317
6175	4
6175	125
6175	148
6175	559
6175	697
6175	754
6175	856
6175	1317
6175	5710
6180	129
6180	1351
6180	2068
6180	2360
6180	3886
6180	4009
6180	5729
6180	6243
6180	6244
6180	6245
6181	8
6181	122
6181	177
6181	247
6181	249
6181	251
6181	266
6181	353
6181	422
6181	718
6186	57
6186	440
6186	1221
6186	1618
6186	2823
6186	4076
6186	5261
6186	5824
6186	5988
6186	6091
6187	4170
6191	2237
6193	1287
6193	2403
6193	2868
6193	3448
6193	3728
6193	5101
6193	5615
6193	5975
6193	6246
6194	4934
6194	5049
6194	5850
6194	6289
6196	124
6196	1396
6196	1845
6196	1971
6196	2235
6196	5110
6196	5204
6196	5263
6196	6247
6196	6248
6229	983
6229	1602
6229	1719
6229	2693
6229	3798
6229	4169
6229	4235
6229	6186
6229	6253
6229	6254
6234	5552
6239	2397
6239	2854
6239	5369
6239	5475
6239	5960
6239	6118
6239	6258
6239	6259
6239	6260
6239	6261
6241	424
6241	1800
6241	3712
6241	5128
6241	5182
6241	6119
6241	6120
6241	6255
6241	6256
6241	6257
6243	3243
6244	3270
6244	3808
6245	187
6245	367
6245	469
6245	474
6245	3227
6245	4196
6245	4503
6245	4985
6245	5788
6245	5988
6249	1402
6249	4068
6249	4281
6249	4311
6249	4540
6249	4854
6249	6151
6249	6268
6249	6269
6249	6270
6251	554
6251	1524
6251	1956
6251	2023
6251	2777
6251	3038
6251	4629
6251	6102
6251	6262
6251	6263
6252	2015
6252	3509
6252	3991
6252	4691
6252	5528
6252	6098
6252	6264
6252	6265
6252	6266
6252	6267
6255	757
6258	1531
6258	1882
6258	2500
6258	2693
6258	5253
6258	5514
6258	5529
6258	6271
6258	6272
6258	6273
6262	898
6262	3501
6262	3629
6262	3846
6262	3968
6262	4141
6262	4397
6262	5369
6262	5779
6264	31
6264	165
6264	174
6264	250
6264	353
6264	697
6264	1379
6264	3056
6264	5615
6264	5617
6266	169
6266	892
6266	2378
6266	2789
6266	5633
6266	5923
6266	6039
6266	6237
6266	6274
6266	6275
6269	76
6269	760
6269	1611
6269	1862
6269	2416
6269	3767
6269	6282
6269	6283
6273	1437
6273	2413
6273	2984
6273	3733
6273	3981
6273	5911
6273	6276
6273	6277
6273	6278
6276	810
6276	3488
6276	3632
6276	4926
6276	5395
6276	5545
6276	5627
6276	5710
6276	6159
6276	6172
6277	1798
6277	5040
6277	5791
6277	5911
6277	6290
6279	115
6279	1845
6279	5529
6279	5970
6279	6011
6279	6284
6279	6285
6279	6286
6279	6287
6279	6288
6282	3992
6282	6291
6288	77
6288	5097
6288	5211
6288	6287
6288	6296
6293	117
6293	274
6293	788
6293	1100
6293	2249
6293	2635
6293	3344
6293	5155
6293	5685
6293	6300
6296	798
6296	849
6296	1325
6296	2058
6296	5076
6296	5236
6296	6297
6296	6298
6296	6299
